8.800539769666669565e-02
1.254831752444443838e-01
2.049249501355553948e-01
2.537193384313334299e-01
2.958593729511111992e-01
3.141282342666665839e-01
3.824274084000002238e-01
5.587811916331091311e-01
6.087784594954127604e-01
7.574897803030303800e-01
9.013731896859905612e-01
1.076432028052763723e+00
9.160055818435761665e-01
1.011096682500000066e+00
1.106606584134614879e+00
1.242063216506850587e+00
1.206426575706106785e+00
1.205758597088607997e+00
1.256144943333333597e+00
1.235731647739583883e+00
1.330312655988700854e+00
1.347309137044025107e+00
1.332231337588651865e+00
1.018072347967479807e+00
1.133049010619468833e+00
1.162746784563106317e+00
1.135454193478260709e+00
1.177267305952381049e+00
1.092148721184210913e+00
9.825848971830987155e-01
1.167566074999999870e+00
1.134704820967741945e+00
1.185523846551724381e+00
1.357272431481481689e+00
1.410259733199999532e+00
1.197116976744186267e+00
1.046591999999999745e+00
7.298130575757576510e-01
6.406506625000001343e-01
6.939578193548388008e-01
1.182429138709677474e+00
1.014213844137931142e+00
1.115685940370370499e+00
9.540151799999999627e-01
1.127136260869565421e+00
1.131901376190476149e+00
1.321775015000000053e+00
6.016528882352941698e-01
1.030590529411764988e+00
1.223704543750000262e+00
1.657947599999999966e+00
1.680782407692307689e+00
6.157994111111111390e-01
2.618010375000000001e-01
9.366155187499999313e-01
1.107924275000000014e+00
1.173875857142857138e+00
3.654857999999999718e-01
9.438714999999998634e-01
8.056617200000000256e-01
8.316227499999999662e-01
1.492412499999999920e+00
8.254190000000000138e-01
1.558103199999999910e+00
2.202522099999999927e+00
3.824619599999999897e-01
6.377395000000000147e-01
4.847639999999999727e-01
1.362418499999999977e+00
1.182764000000000149e+00
8.213945000000000274e-01
2.196367500000000028e+00
2.055079999999999796e+00
3.542310000000000070e+00
3.687149999999999928e+00
5.031399999999999650e+00
0.000000000000000000e+00
0.000000000000000000e+00
0.000000000000000000e+00
0.000000000000000000e+00
0.000000000000000000e+00
0.000000000000000000e+00
0.000000000000000000e+00
0.000000000000000000e+00
0.000000000000000000e+00
0.000000000000000000e+00
0.000000000000000000e+00
0.000000000000000000e+00
0.000000000000000000e+00
0.000000000000000000e+00
0.000000000000000000e+00
0.000000000000000000e+00
0.000000000000000000e+00
0.000000000000000000e+00
0.000000000000000000e+00
0.000000000000000000e+00
0.000000000000000000e+00
0.000000000000000000e+00
0.000000000000000000e+00
0.000000000000000000e+00
