1.514904394361468176e-01
2.751968806953303814e-01
3.927925198465783141e-01
5.050881275621138533e-01
5.734190834526640135e-01
6.791312116906987884e-01
8.281806101931421527e-01
9.674820938540906745e-01
9.896617749446655621e-01
1.155412776762992033e+00
1.324132249190287602e+00
1.512657428211805044e+00
1.371327454186694883e+00
1.400005672987613803e+00
1.449658219757836486e+00
1.600437780062555548e+00
1.547059563401460558e+00
1.528392261713762856e+00
1.610429607170541955e+00
1.494506612622957142e+00
1.616845321494337684e+00
1.673836666001753404e+00
1.681219825065681350e+00
1.536332587948264772e+00
1.546187360649813769e+00
1.675051612229178088e+00
1.622618573118472796e+00
1.564185510239479049e+00
1.555603028978145508e+00
1.471943244345979229e+00
1.519424033372524629e+00
1.365068141718766670e+00
1.491117951422760379e+00
1.679302145588836170e+00
1.872017686455970997e+00
1.831808542333819512e+00
1.589007330658791517e+00
1.248195678960558164e+00
9.908955000272963165e-01
9.590030588901874431e-01
1.451872257470812944e+00
1.372746973767057010e+00
1.386469327338509361e+00
1.456637620482687856e+00
1.558260128577578119e+00
1.692419125568139338e+00
1.804090071820188879e+00
1.014001589296353867e+00
1.655142706411146136e+00
1.608798144103121386e+00
1.928390710015056575e+00
2.196827252031742006e+00
1.631349659683436037e+00
1.021498793928037330e+00
1.567731387865974213e+00
1.525884013781283244e+00
2.622689356906130698e+00
5.610005652697330758e-01
9.546812245324612922e-01
1.970217006728302689e+00
1.234453747832492843e+00
2.176139261611432119e+00
5.551397973669934816e-01
1.332027506226183933e+00
2.267409791617919890e+00
3.763970399999999605e-01
4.004504999999999870e-01
1.126810000000000034e-01
7.019714999999999705e-01
6.569260000000000099e-01
5.641154999999999919e-01
1.647972499999999840e+00
4.993999999999999551e-01
1.021520000000000206e+00
0.000000000000000000e+00
0.000000000000000000e+00
0.000000000000000000e+00
0.000000000000000000e+00
0.000000000000000000e+00
0.000000000000000000e+00
0.000000000000000000e+00
0.000000000000000000e+00
0.000000000000000000e+00
0.000000000000000000e+00
0.000000000000000000e+00
0.000000000000000000e+00
0.000000000000000000e+00
0.000000000000000000e+00
0.000000000000000000e+00
0.000000000000000000e+00
0.000000000000000000e+00
0.000000000000000000e+00
0.000000000000000000e+00
0.000000000000000000e+00
0.000000000000000000e+00
0.000000000000000000e+00
0.000000000000000000e+00
0.000000000000000000e+00
0.000000000000000000e+00
0.000000000000000000e+00
